505055.0 5050.55 4482.0 5611.0 
494904.0 4949.04 4438.0 5513.0 
480276.0 4802.76 4327.0 5531.0 
475123.0 4751.23 4296.0 5377.0 
473024.0 4730.24 4410.0 5280.0 
466305.0 4663.05 4266.0 5084.0 
461118.0 4611.18 4266.0 5115.0 
456609.0 4566.09 4266.0 4972.0 
452549.0 4525.49 4209.0 5099.0 
448341.0 4483.41 4159.0 4824.0 
446381.0 4463.81 4209.0 4975.0 
444488.0 4444.88 4249.0 4844.0 
443493.0 4434.93 4142.0 4784.0 
441325.0 4413.25 4123.0 4968.0 
438801.0 4388.01 4050.0 4719.0 
434911.0 4349.11 4050.0 4710.0 
433314.0 4333.14 4050.0 4675.0 
431210.0 4312.1 4050.0 4640.0 
429706.0 4297.06 4050.0 4763.0 
428524.0 4285.24 4053.0 4748.0 
425341.0 4253.41 4050.0 4740.0 
423733.0 4237.33 4050.0 4816.0 
422594.0 4225.94 4050.0 4650.0 
423148.0 4231.48 4049.0 4644.0 
422074.0 4220.74 4046.0 4978.0 
422781.0 4227.81 4049.0 4872.0 
420719.0 4207.19 4053.0 4580.0 
420361.0 4203.61 4046.0 4570.0 
418823.0 4188.23 4033.0 4559.0 
417202.0 4172.02 4041.0 4516.0 
416307.0 4163.07 4046.0 4390.0 
415610.0 4156.1 4049.0 4411.0 
415945.0 4159.45 4049.0 4779.0 
415055.0 4150.55 4049.0 4465.0 
414099.0 4140.99 3940.0 4751.0 
412405.0 4124.05 3940.0 4361.0 
412968.0 4129.68 3906.0 4701.0 
413772.0 4137.72 3906.0 4597.0 
410341.0 4103.41 3906.0 4483.0 
410366.0 4103.66 3906.0 4512.0 
409449.0 4094.49 3906.0 4380.0 
409347.0 4093.47 3906.0 4870.0 
408306.0 4083.06 3906.0 4375.0 
407515.0 4075.15 3906.0 4417.0 
406679.0 4066.79 3906.0 4694.0 
405700.0 4057.0 3906.0 4420.0 
405532.0 4055.32 3906.0 4518.0 
404846.0 4048.46 3906.0 4505.0 
403319.0 4033.19 3906.0 4368.0 
401693.0 4016.93 3906.0 4238.0 
400321.0 4003.21 3750.0 4654.0 
399890.0 3998.9 3834.0 4475.0 
400942.0 4009.42 3906.0 4545.0 
401923.0 4019.23 3906.0 4469.0 
399209.0 3992.09 3906.0 4329.0 
398761.0 3987.61 3906.0 4399.0 
399475.0 3994.75 3906.0 4446.0 
397773.0 3977.73 3932.0 4247.0 
399084.0 3990.84 3932.0 4487.0 
398877.0 3988.77 3932.0 4478.0 
398242.0 3982.42 3932.0 4314.0 
397052.0 3970.52 3888.0 4314.0 
396636.0 3966.36 3932.0 4209.0 
396078.0 3960.78 3932.0 4271.0 
397403.0 3974.03 3935.0 4554.0 
397547.0 3975.47 3854.0 4451.0 
396005.0 3960.05 3866.0 4325.0 
396429.0 3964.29 3866.0 4222.0 
396311.0 3963.11 3854.0 4634.0 
397865.0 3978.65 3854.0 4624.0 
396282.0 3962.82 3854.0 4327.0 
396000.0 3960.0 3854.0 4368.0 
395999.0 3959.99 3854.0 4303.0 
396129.0 3961.29 3842.0 4415.0 
395664.0 3956.64 3854.0 4593.0 
396563.0 3965.63 3854.0 4525.0 
394132.0 3941.32 3854.0 4200.0 
393582.0 3935.82 3854.0 4003.0 
393987.0 3939.87 3854.0 4420.0 
392564.0 3925.64 3854.0 4443.0 
391853.0 3918.53 3819.0 4279.0 
392451.0 3924.51 3854.0 4893.0 
392966.0 3929.66 3854.0 4556.0 
391639.0 3916.39 3854.0 4243.0 
392689.0 3926.89 3854.0 4680.0 
391370.0 3913.7 3854.0 4284.0 
391061.0 3910.61 3854.0 4566.0 
390382.0 3903.82 3854.0 4425.0 
392490.0 3924.9 3854.0 4633.0 
391679.0 3916.79 3822.0 4506.0 
389997.0 3899.97 3854.0 4452.0 
389891.0 3898.91 3822.0 4225.0 
387829.0 3878.29 3750.0 4096.0 
388104.0 3881.04 3750.0 4351.0 
387656.0 3876.56 3750.0 4395.0 
386902.0 3869.02 3750.0 4271.0 
389018.0 3890.18 3750.0 4369.0 
387286.0 3872.86 3750.0 4188.0 
387474.0 3874.74 3750.0 4140.0 
386152.0 3861.52 3724.0 4113.0 
387937.0 3879.37 3750.0 4366.0 
388046.0 3880.46 3750.0 4391.0 
387818.0 3878.18 3750.0 4395.0 
385566.0 3855.66 3718.0 4248.0 
387088.0 3870.88 3718.0 4481.0 
387688.0 3876.88 3676.0 4430.0 
386337.0 3863.37 3676.0 4484.0 
387460.0 3874.6 3694.0 4308.0 
389105.0 3891.05 3729.0 4464.0 
389181.0 3891.81 3729.0 4283.0 
387652.0 3876.52 3770.0 4150.0 
388212.0 3882.12 3770.0 4366.0 
386206.0 3862.06 3758.0 4753.0 
386509.0 3865.09 3758.0 4323.0 
386475.0 3864.75 3758.0 4222.0 
385579.0 3855.79 3758.0 4275.0 
386500.0 3865.0 3758.0 4348.0 
386036.0 3860.36 3744.0 4768.0 
385743.0 3857.43 3744.0 4272.0 
384002.0 3840.02 3744.0 4301.0 
384376.0 3843.76 3744.0 4332.0 
386047.0 3860.47 3744.0 4411.0 
383681.0 3836.81 3744.0 4230.0 
383660.0 3836.6 3744.0 4559.0 
381906.0 3819.06 3744.0 4161.0 
383843.0 3838.43 3727.0 4350.0 
382807.0 3828.07 3744.0 4270.0 
383329.0 3833.29 3712.0 4314.0 
380956.0 3809.56 3712.0 4147.0 
379656.0 3796.56 3712.0 4317.0 
377974.0 3779.74 3519.0 4180.0 
377972.0 3779.72 3519.0 4262.0 
378415.0 3784.15 3519.0 4428.0 
378365.0 3783.65 3519.0 4195.0 
377491.0 3774.91 3519.0 4057.0 
376753.0 3767.53 3519.0 4283.0 
376375.0 3763.75 3519.0 4447.0 
371102.0 3711.02 3519.0 4175.0 
366146.0 3661.46 3519.0 4166.0 
363991.0 3639.91 3420.0 4161.0 
362328.0 3623.28 3519.0 4402.0 
360093.0 3600.93 3519.0 4111.0 
358877.0 3588.77 3519.0 4041.0 
360796.0 3607.96 3519.0 4231.0 
358701.0 3587.01 3519.0 4056.0 
357844.0 3578.44 3504.0 4162.0 
358309.0 3583.09 3519.0 4091.0 
358555.0 3585.55 3519.0 4239.0 
360197.0 3601.97 3519.0 4241.0 
359929.0 3599.29 3519.0 4274.0 
359932.0 3599.32 3519.0 4026.0 
361286.0 3612.86 3519.0 4326.0 
359098.0 3590.98 3519.0 4066.0 
359311.0 3593.11 3519.0 4223.0 
358519.0 3585.19 3519.0 4238.0 
357150.0 3571.5 3519.0 3967.0 
357593.0 3575.93 3519.0 4245.0 
358088.0 3580.88 3519.0 4279.0 
358686.0 3586.86 3498.0 4123.0 
357275.0 3572.75 3498.0 4111.0 
356449.0 3564.49 3512.0 4167.0 
357104.0 3571.04 3519.0 4155.0 
358422.0 3584.22 3519.0 4390.0 
358755.0 3587.55 3375.0 4199.0 
357460.0 3574.6 3375.0 4118.0 
356747.0 3567.47 3375.0 4234.0 
354728.0 3547.28 3375.0 3930.0 
354124.0 3541.24 3375.0 4211.0 
352780.0 3527.8 3375.0 3939.0 
353915.0 3539.15 3375.0 4216.0 
350534.0 3505.34 3366.0 4057.0 
352686.0 3526.86 3366.0 4416.0 
351965.0 3519.65 3366.0 3943.0 
348952.0 3489.52 3366.0 4167.0 
348573.0 3485.73 3366.0 4042.0 
347725.0 3477.25 3366.0 4020.0 
345858.0 3458.58 3366.0 3824.0 
345333.0 3453.33 3366.0 3952.0 
347445.0 3474.45 3366.0 4143.0 
346415.0 3464.15 3366.0 4001.0 
345257.0 3452.57 3366.0 4199.0 
344281.0 3442.81 3366.0 3998.0 
342295.0 3422.95 3366.0 4137.0 
339984.0 3399.84 3366.0 3932.0 
340084.0 3400.84 3366.0 3991.0 
339659.0 3396.59 3366.0 3831.0 
339161.0 3391.61 3341.0 3607.0 
340073.0 3400.73 3281.0 4056.0 
338377.0 3383.77 3281.0 3966.0 
338238.0 3382.38 3281.0 3893.0 
338627.0 3386.27 3281.0 3761.0 
339326.0 3393.26 3281.0 4087.0 
341579.0 3415.79 3281.0 4223.0 
339223.0 3392.23 3281.0 3721.0 
339107.0 3391.07 3281.0 3921.0 
337083.0 3370.83 3281.0 3708.0 
337589.0 3375.89 3281.0 3949.0 
336097.0 3360.97 3281.0 3770.0 
338072.0 3380.72 3281.0 4070.0 
339189.0 3391.89 3281.0 4156.0 
341018.0 3410.18 3281.0 4548.0 
338798.0 3387.98 3281.0 4089.0 
338269.0 3382.69 3281.0 3948.0 
338387.0 3383.87 3281.0 4154.0 
336237.0 3362.37 3281.0 3908.0 
334607.0 3346.07 3281.0 4005.0 
336107.0 3361.07 3281.0 3974.0 
336328.0 3363.28 3281.0 4108.0 
335219.0 3352.19 3281.0 3888.0 
332460.0 3324.6 3281.0 3897.0 
333399.0 3333.99 3281.0 4039.0 
332054.0 3320.54 3281.0 3767.0 
332131.0 3321.31 3281.0 3910.0 
334724.0 3347.24 3281.0 3996.0 
333774.0 3337.74 3281.0 4005.0 
331961.0 3319.61 3281.0 3804.0 
332072.0 3320.72 3281.0 3884.0 
333325.0 3333.25 3230.0 4049.0 
332712.0 3327.12 3230.0 4126.0 
334353.0 3343.53 3230.0 4020.0 
332679.0 3326.79 3230.0 3877.0 
332617.0 3326.17 3230.0 3955.0 
330805.0 3308.05 3230.0 4000.0 
329816.0 3298.16 3230.0 3709.0 
331790.0 3317.9 3230.0 3930.0 
331098.0 3310.98 3230.0 3933.0 
331975.0 3319.75 3230.0 3932.0 
332122.0 3321.22 3230.0 3971.0 
330982.0 3309.82 3190.0 3951.0 
330933.0 3309.33 3230.0 4260.0 
330500.0 3305.0 3230.0 3721.0 
330738.0 3307.38 3230.0 4031.0 
330914.0 3309.14 3230.0 4050.0 
330840.0 3308.4 3230.0 4234.0 
330593.0 3305.93 3230.0 3784.0 
332156.0 3321.56 3230.0 3977.0 
332862.0 3328.62 3230.0 4098.0 
332131.0 3321.31 3230.0 3881.0 
330325.0 3303.25 3230.0 3953.0 
332435.0 3324.35 3230.0 4005.0 
332708.0 3327.08 3201.0 4020.0 
334268.0 3342.68 3201.0 3891.0 
331935.0 3319.35 3201.0 3695.0 
331508.0 3315.08 3201.0 3808.0 
331904.0 3319.04 3201.0 3846.0 
329911.0 3299.11 3201.0 3909.0 
331307.0 3313.07 3201.0 4045.0 
331962.0 3319.62 3201.0 3844.0 
329701.0 3297.01 3201.0 3789.0 
331941.0 3319.41 3201.0 4142.0 
330711.0 3307.11 3201.0 3740.0 
329508.0 3295.08 3201.0 3994.0 
330184.0 3301.84 3201.0 4069.0 
330027.0 3300.27 3201.0 3812.0 
330202.0 3302.02 3269.0 3850.0 
330234.0 3302.34 3269.0 4020.0 
331039.0 3310.39 3269.0 3891.0 
332163.0 3321.63 3281.0 4162.0 
330643.0 3306.43 3281.0 3943.0 
331227.0 3312.27 3281.0 3927.0 
331708.0 3317.08 3281.0 4020.0 
332818.0 3328.18 3281.0 4050.0 
333698.0 3336.98 3281.0 4095.0 
333112.0 3331.12 3281.0 4105.0 
330552.0 3305.52 3281.0 3944.0 
330211.0 3302.11 3281.0 3883.0 
330309.0 3303.09 3281.0 3721.0 
330807.0 3308.07 3281.0 4104.0 
332240.0 3322.4 3281.0 4039.0 
332140.0 3321.4 3281.0 3954.0 
330570.0 3305.7 3281.0 4019.0 
332578.0 3325.78 3150.0 4026.0 
332961.0 3329.61 3281.0 4109.0 
332547.0 3325.47 3281.0 4073.0 
331557.0 3315.57 3281.0 4156.0 
334143.0 3341.43 3266.0 3975.0 
333201.0 3332.01 3281.0 3854.0 
334962.0 3349.62 3281.0 3998.0 
331897.0 3318.97 3281.0 4014.0 
331812.0 3318.12 3281.0 3931.0 
331734.0 3317.34 3281.0 4240.0 
333284.0 3332.84 3281.0 3819.0 
332054.0 3320.54 3228.0 4045.0 
332492.0 3324.92 3032.0 4065.0 
331571.0 3315.71 3032.0 4039.0 
332258.0 3322.58 3032.0 3868.0 
328936.0 3289.36 3032.0 3814.0 
327994.0 3279.94 3032.0 3951.0 
325519.0 3255.19 3032.0 4024.0 
325265.0 3252.65 3032.0 3948.0 
326150.0 3261.5 3032.0 3895.0 
324296.0 3242.96 3032.0 3740.0 
319988.0 3199.88 3032.0 3824.0 
317855.0 3178.55 3032.0 3820.0 
315837.0 3158.37 3032.0 3941.0 
313532.0 3135.32 3032.0 3585.0 
312565.0 3125.65 3032.0 3833.0 
311157.0 3111.57 3032.0 3755.0 
306725.0 3067.25 3032.0 3416.0 
307811.0 3078.11 3032.0 3960.0 
313915.0 3139.15 3032.0 4041.0 
308978.0 3089.78 3032.0 3809.0 
307470.0 3074.7 3032.0 3603.0 
306510.0 3065.1 3032.0 3617.0 
307517.0 3075.17 3032.0 3679.0 
308561.0 3085.61 3032.0 3868.0 
305617.0 3056.17 3032.0 3822.0 
306243.0 3062.43 3032.0 3580.0 
306272.0 3062.72 3032.0 3917.0 
306870.0 3068.7 3032.0 3656.0 
307248.0 3072.48 3032.0 3792.0 
306011.0 3060.11 3032.0 3715.0 
305258.0 3052.58 3014.0 3711.0 
306692.0 3066.92 3014.0 3724.0 
306029.0 3060.29 3014.0 3502.0 
307383.0 3073.83 3014.0 3822.0 
305917.0 3059.17 3014.0 3867.0 
307227.0 3072.27 3014.0 3651.0 
305747.0 3057.47 3014.0 3571.0 
306183.0 3061.83 3014.0 3773.0 
306652.0 3066.52 3014.0 3857.0 
309063.0 3090.63 3014.0 3753.0 
306042.0 3060.42 3014.0 3522.0 
306526.0 3065.26 3014.0 3818.0 
305520.0 3055.2 3014.0 3473.0 
307903.0 3079.03 3014.0 3832.0 
309016.0 3090.16 3014.0 3744.0 
307883.0 3078.83 3014.0 3706.0 
307461.0 3074.61 3014.0 3614.0 
309277.0 3092.77 3014.0 3898.0 
306192.0 3061.92 3014.0 3704.0 
308503.0 3085.03 3014.0 3903.0 
308729.0 3087.29 3014.0 3830.0 
306402.0 3064.02 3014.0 3572.0 
304010.0 3040.1 3014.0 3494.0 
307784.0 3077.84 3014.0 3863.0 
307837.0 3078.37 3014.0 3737.0 
306948.0 3069.48 3011.0 3868.0 
306388.0 3063.88 3014.0 3639.0 
307987.0 3079.87 3014.0 3661.0 
306310.0 3063.1 3014.0 3658.0 
309469.0 3094.69 3014.0 3956.0 
307264.0 3072.64 3014.0 3703.0 
306649.0 3066.49 3014.0 3588.0 
305187.0 3051.87 3014.0 3626.0 
306796.0 3067.96 3014.0 3897.0 
306646.0 3066.46 3014.0 3961.0 
307491.0 3074.91 3014.0 3790.0 
307517.0 3075.17 3014.0 3685.0 
306618.0 3066.18 3014.0 3816.0 
305036.0 3050.36 3014.0 3583.0 
304628.0 3046.28 3014.0 3658.0 
306972.0 3069.72 3014.0 3763.0 
306778.0 3067.78 3014.0 3591.0 
305277.0 3052.77 3014.0 3745.0 
308896.0 3088.96 3014.0 3785.0 
305245.0 3052.45 3014.0 3696.0 
302200.0 3022.0 3014.0 3058.0 
305276.0 3052.76 3014.0 3711.0 
303418.0 3034.18 3014.0 3455.0 
303542.0 3035.42 3014.0 3719.0 
303344.0 3033.44 3014.0 3528.0 
304736.0 3047.36 3014.0 3816.0 
305799.0 3057.99 3014.0 3935.0 
303669.0 3036.69 3014.0 3913.0 
303939.0 3039.39 3014.0 3743.0 
304021.0 3040.21 3014.0 3479.0 
303475.0 3034.75 3014.0 3501.0 
302592.0 3025.92 3014.0 3486.0 
306493.0 3064.93 3014.0 3688.0 
305290.0 3052.9 3014.0 3597.0 
305860.0 3058.6 3014.0 3927.0 
304125.0 3041.25 3004.0 3638.0 
304594.0 3045.94 3004.0 3588.0 
304888.0 3048.88 2932.0 3870.0 
304774.0 3047.74 2995.0 3789.0 
303440.0 3034.4 2995.0 3571.0 
304347.0 3043.47 3014.0 3594.0 
306751.0 3067.51 3014.0 4063.0 
306165.0 3061.65 3014.0 3736.0 
304119.0 3041.19 3014.0 3613.0 
306908.0 3069.08 3014.0 3822.0 
307106.0 3071.06 3014.0 3642.0 
303264.0 3032.64 3014.0 3674.0 
303503.0 3035.03 3014.0 3855.0 
305248.0 3052.48 3014.0 3798.0 
304562.0 3045.62 3014.0 3521.0 
304834.0 3048.34 3014.0 3755.0 
306120.0 3061.2 3014.0 3665.0 
305672.0 3056.72 3014.0 3857.0 
303678.0 3036.78 3014.0 3515.0 
304899.0 3048.99 3014.0 3804.0 
305434.0 3054.34 3014.0 3784.0 
303648.0 3036.48 3014.0 3604.0 
305271.0 3052.71 3014.0 3707.0 
306846.0 3068.46 3014.0 3856.0 
309548.0 3095.48 3014.0 3798.0 
306736.0 3067.36 3014.0 3875.0 
305787.0 3057.87 3014.0 3675.0 
305617.0 3056.17 3014.0 3814.0 
303422.0 3034.22 3014.0 3446.0 
304501.0 3045.01 3014.0 3893.0 
304081.0 3040.81 3014.0 3488.0 
302342.0 3023.42 3014.0 3604.0 
302434.0 3024.34 3014.0 3336.0 
306632.0 3066.32 3014.0 3918.0 
306067.0 3060.67 3014.0 3772.0 
303508.0 3035.08 3014.0 3826.0 
305025.0 3050.25 3014.0 3630.0 
303464.0 3034.64 3014.0 3626.0 
301985.0 3019.85 3014.0 3283.0 
302476.0 3024.76 3014.0 3582.0 
303292.0 3032.92 3014.0 3739.0 
302834.0 3028.34 3014.0 3607.0 
302981.0 3029.81 3014.0 3625.0 
305409.0 3054.09 3014.0 3796.0 
306295.0 3062.95 2923.0 3553.0 
306586.0 3065.86 2923.0 3781.0 
303872.0 3038.72 2923.0 3593.0 
305758.0 3057.58 2923.0 3968.0 
309635.0 3096.35 2923.0 3972.0 
308402.0 3084.02 2923.0 3797.0 
305766.0 3057.66 2923.0 3666.0 
304962.0 3049.62 2923.0 3426.0 
302675.0 3026.75 2923.0 3802.0 
304899.0 3048.99 2923.0 3799.0 
303569.0 3035.69 2923.0 3737.0 
305205.0 3052.05 2923.0 3849.0 
303945.0 3039.45 2923.0 3582.0 
301442.0 3014.42 2923.0 3468.0 
301329.0 3013.29 2923.0 3654.0 
299601.0 2996.01 2923.0 3707.0 
299279.0 2992.79 2923.0 3685.0 
298119.0 2981.19 2923.0 3734.0 
297265.0 2972.65 2923.0 3468.0 
297007.0 2970.07 2923.0 3444.0 
298608.0 2986.08 2923.0 3830.0 
297804.0 2978.04 2923.0 3675.0 
298080.0 2980.8 2923.0 3494.0 
297477.0 2974.77 2923.0 3605.0 
296739.0 2967.39 2923.0 3892.0 
298010.0 2980.1 2923.0 3421.0 
297035.0 2970.35 2923.0 3724.0 
296595.0 2965.95 2923.0 3439.0 
297679.0 2976.79 2923.0 3681.0 
295251.0 2952.51 2923.0 3380.0 
295327.0 2953.27 2923.0 3455.0 
297867.0 2978.67 2923.0 3652.0 
296574.0 2965.74 2923.0 3560.0 
297740.0 2977.4 2923.0 3729.0 
296768.0 2967.68 2923.0 3621.0 
295958.0 2959.58 2923.0 3503.0 
299068.0 2990.68 2923.0 3742.0 
298450.0 2984.5 2923.0 3603.0 
299755.0 2997.55 2923.0 3649.0 
297143.0 2971.43 2923.0 3601.0 
298488.0 2984.88 2923.0 3726.0 
298298.0 2982.98 2923.0 3618.0 
299830.0 2998.3 2923.0 3631.0 
299076.0 2990.76 2923.0 3653.0 
296085.0 2960.85 2923.0 3508.0 
295948.0 2959.48 2923.0 3446.0 
296796.0 2967.96 2923.0 3573.0 
298790.0 2987.9 2923.0 3583.0 
297898.0 2978.98 2923.0 3507.0 
297944.0 2979.44 2923.0 3539.0 
299801.0 2998.01 2923.0 3740.0 
299874.0 2998.74 2923.0 4156.0 
301481.0 3014.81 2923.0 4082.0 
300105.0 3001.05 2923.0 3841.0 
299366.0 2993.66 2923.0 3757.0 
299472.0 2994.72 2923.0 3723.0 
301388.0 3013.88 2923.0 3631.0 
301088.0 3010.88 2923.0 3694.0 
302004.0 3020.04 2923.0 3750.0 
299891.0 2998.91 2923.0 4103.0 
297162.0 2971.62 2923.0 3831.0 
296745.0 2967.45 2899.0 3608.0 
295186.0 2951.86 2899.0 3593.0 
297194.0 2971.94 2899.0 3716.0 
298832.0 2988.32 2923.0 3652.0 
295135.0 2951.35 2923.0 3444.0 
297118.0 2971.18 2923.0 3672.0 
296861.0 2968.61 2923.0 3862.0 
297287.0 2972.87 2923.0 3531.0 
298481.0 2984.81 2923.0 3792.0 
298804.0 2988.04 2923.0 3750.0 
300164.0 3001.64 2923.0 3672.0 
297092.0 2970.92 2923.0 3523.0 
297386.0 2973.86 2923.0 3683.0 
298077.0 2980.77 2923.0 3770.0 
299022.0 2990.22 2923.0 3644.0 
298098.0 2980.98 2923.0 3557.0 
295852.0 2958.52 2923.0 3440.0 
295733.0 2957.33 2923.0 3693.0 
294967.0 2949.67 2923.0 3622.0 
295943.0 2959.43 2923.0 3558.0 
294171.0 2941.71 2923.0 3522.0 
294637.0 2946.37 2923.0 3617.0 
295322.0 2953.22 2923.0 3482.0 
295271.0 2952.71 2923.0 3611.0 
295006.0 2950.06 2923.0 3825.0 
295429.0 2954.29 2923.0 3984.0 
295393.0 2953.93 2923.0 3740.0 
293883.0 2938.83 2923.0 3469.0 
296289.0 2962.89 2923.0 3853.0 
294670.0 2946.7 2923.0 3634.0 
292842.0 2928.42 2909.0 3195.0 
293210.0 2932.1 2909.0 3417.0 
295446.0 2954.46 2909.0 3693.0 
296615.0 2966.15 2899.0 3666.0 
295631.0 2956.31 2909.0 3835.0 
294224.0 2942.24 2904.0 3634.0 
294436.0 2944.36 2904.0 3580.0 
293961.0 2939.61 2904.0 3432.0 
294595.0 2945.95 2904.0 3819.0 
296062.0 2960.62 2904.0 3979.0 
297072.0 2970.72 2904.0 3725.0 
297975.0 2979.75 2904.0 3788.0 
298780.0 2987.8 2904.0 3751.0 
297726.0 2977.26 2816.0 3794.0 
294578.0 2945.78 2816.0 3330.0 
293449.0 2934.49 2816.0 3327.0 
294444.0 2944.44 2816.0 3588.0 
294737.0 2947.37 2816.0 3636.0 
294655.0 2946.55 2816.0 3572.0 
297091.0 2970.91 2816.0 3644.0 
296984.0 2969.84 2816.0 3601.0 
297644.0 2976.44 2816.0 3708.0 
296049.0 2960.49 2816.0 3754.0 
294571.0 2945.71 2816.0 3783.0 
295521.0 2955.21 2816.0 3630.0 
293187.0 2931.87 2816.0 3642.0 
293666.0 2936.66 2816.0 3851.0 
293540.0 2935.4 2816.0 3461.0 
292860.0 2928.6 2816.0 3598.0 
289799.0 2897.99 2816.0 3498.0 
290075.0 2900.75 2816.0 3626.0 
289766.0 2897.66 2816.0 3671.0 
288296.0 2882.96 2816.0 3400.0 
286657.0 2866.57 2816.0 3487.0 
289648.0 2896.48 2816.0 3586.0 
289277.0 2892.77 2816.0 3555.0 
290333.0 2903.33 2816.0 3497.0 
288463.0 2884.63 2816.0 3626.0 
286868.0 2868.68 2816.0 3564.0 
286023.0 2860.23 2816.0 3563.0 
287823.0 2878.23 2816.0 3639.0 
286375.0 2863.75 2816.0 3470.0 
285759.0 2857.59 2816.0 3571.0 
286756.0 2867.56 2816.0 3628.0 
285545.0 2855.45 2816.0 3468.0 
287656.0 2876.56 2816.0 3537.0 
285397.0 2853.97 2816.0 3451.0 
284194.0 2841.94 2816.0 3568.0 
283563.0 2835.63 2816.0 3495.0 
283795.0 2837.95 2816.0 3357.0 
286028.0 2860.28 2816.0 3624.0 
286376.0 2863.76 2816.0 3468.0 
286917.0 2869.17 2816.0 3632.0 
289319.0 2893.19 2816.0 3959.0 
290019.0 2900.19 2816.0 3622.0 
287054.0 2870.54 2816.0 3576.0 
287398.0 2873.98 2816.0 3760.0 
288323.0 2883.23 2816.0 3684.0 
286772.0 2867.72 2816.0 3516.0 
285841.0 2858.41 2816.0 3614.0 
286779.0 2867.79 2816.0 3411.0 
285334.0 2853.34 2816.0 3583.0 
284689.0 2846.89 2816.0 3512.0 
284213.0 2842.13 2816.0 3449.0 
284375.0 2843.75 2816.0 3461.0 
283256.0 2832.56 2816.0 3293.0 
283457.0 2834.57 2816.0 3471.0 
285342.0 2853.42 2816.0 3607.0 
286006.0 2860.06 2816.0 3504.0 
287163.0 2871.63 2816.0 3496.0 
286221.0 2862.21 2816.0 3360.0 
283531.0 2835.31 2816.0 3548.0 
284743.0 2847.43 2816.0 3497.0 
286147.0 2861.47 2816.0 3566.0 
285794.0 2857.94 2816.0 3558.0 
284203.0 2842.03 2816.0 3400.0 
285004.0 2850.04 2816.0 3562.0 
283345.0 2833.45 2816.0 3309.0 
284594.0 2845.94 2816.0 3528.0 
285911.0 2859.11 2816.0 3488.0 
285407.0 2854.07 2816.0 3603.0 
285460.0 2854.6 2816.0 3788.0 
284822.0 2848.22 2751.0 3951.0 
284222.0 2842.22 2705.0 3688.0 
283579.0 2835.79 2705.0 3437.0 
284762.0 2847.62 2705.0 3786.0 
280696.0 2806.96 2705.0 3485.0 
278299.0 2782.99 2705.0 3348.0 
278306.0 2783.06 2705.0 3416.0 
276572.0 2765.72 2705.0 3259.0 
278987.0 2789.87 2705.0 3438.0 
278686.0 2786.86 2705.0 3486.0 
278375.0 2783.75 2705.0 3410.0 
276536.0 2765.36 2705.0 3486.0 
275216.0 2752.16 2705.0 3259.0 
276886.0 2768.86 2705.0 3693.0 
276121.0 2761.21 2705.0 3363.0 
277139.0 2771.39 2705.0 3622.0 
272733.0 2727.33 2705.0 3479.0 
274200.0 2742.0 2705.0 3496.0 
271828.0 2718.28 2705.0 3412.0 
273754.0 2737.54 2705.0 3735.0 
274528.0 2745.28 2705.0 3529.0 
271896.0 2718.96 2705.0 3188.0 
276425.0 2764.25 2705.0 3540.0 
273940.0 2739.4 2705.0 3602.0 
275158.0 2751.58 2705.0 3437.0 
272426.0 2724.26 2705.0 3393.0 
274685.0 2746.85 2705.0 3360.0 
273837.0 2738.37 2705.0 3427.0 
274575.0 2745.75 2705.0 3561.0 
272607.0 2726.07 2705.0 3561.0 
274124.0 2741.24 2705.0 3413.0 
273863.0 2738.63 2705.0 3473.0 
273790.0 2737.9 2705.0 3535.0 
274826.0 2748.26 2705.0 3323.0 
273228.0 2732.28 2705.0 3456.0 
273204.0 2732.04 2705.0 3384.0 
276652.0 2766.52 2705.0 3467.0 
276483.0 2764.83 2705.0 3505.0 
277122.0 2771.22 2705.0 3486.0 
271716.0 2717.16 2705.0 3423.0 
272282.0 2722.82 2705.0 3360.0 
274644.0 2746.44 2705.0 3629.0 
275199.0 2751.99 2705.0 3474.0 
273667.0 2736.67 2705.0 3557.0 
275740.0 2757.4 2705.0 3661.0 
277069.0 2770.69 2705.0 3566.0 
276871.0 2768.71 2705.0 3564.0 
275436.0 2754.36 2705.0 3495.0 
278863.0 2788.63 2705.0 3546.0 
278002.0 2780.02 2705.0 3837.0 
274855.0 2748.55 2705.0 3709.0 
276226.0 2762.26 2705.0 3319.0 
272416.0 2724.16 2705.0 3355.0 
273080.0 2730.8 2705.0 3444.0 
274585.0 2745.85 2705.0 3605.0 
274586.0 2745.86 2705.0 3547.0 
271712.0 2717.12 2705.0 3424.0 
272903.0 2729.03 2705.0 3398.0 
274308.0 2743.08 2705.0 3336.0 
273771.0 2737.71 2705.0 3484.0 
273801.0 2738.01 2705.0 3243.0 
274858.0 2748.58 2705.0 3501.0 
274582.0 2745.82 2705.0 3676.0 
276652.0 2766.52 2705.0 3408.0 
274690.0 2746.9 2705.0 3366.0 
275853.0 2758.53 2705.0 3579.0 
276703.0 2767.03 2705.0 3826.0 
278399.0 2783.99 2705.0 3623.0 
275250.0 2752.5 2705.0 3552.0 
274553.0 2745.53 2705.0 3494.0 
271639.0 2716.39 2705.0 3330.0 
273790.0 2737.9 2705.0 3362.0 
271967.0 2719.67 2705.0 3228.0 
271208.0 2712.08 2705.0 3112.0 
274191.0 2741.91 2705.0 3376.0 
274397.0 2743.97 2705.0 3410.0 
271785.0 2717.85 2705.0 3476.0 
272561.0 2725.61 2705.0 3200.0 
273105.0 2731.05 2705.0 3458.0 
273693.0 2736.93 2705.0 3694.0 
274877.0 2748.77 2694.0 3652.0 
274431.0 2744.31 2694.0 3567.0 
273828.0 2738.28 2694.0 3624.0 
272132.0 2721.32 2694.0 3218.0 
272358.0 2723.58 2694.0 3346.0 
273309.0 2733.09 2705.0 3426.0 
271908.0 2719.08 2705.0 3122.0 
273580.0 2735.8 2705.0 3617.0 
273974.0 2739.74 2705.0 3395.0 
276219.0 2762.19 2705.0 3576.0 
274774.0 2747.74 2705.0 3498.0 
277127.0 2771.27 2705.0 3599.0 
275199.0 2751.99 2705.0 3640.0 
275660.0 2756.6 2705.0 3479.0 
273721.0 2737.21 2705.0 3379.0 
276818.0 2768.18 2705.0 3726.0 
280428.0 2804.28 2705.0 3651.0 
275911.0 2759.11 2705.0 3435.0 
273979.0 2739.79 2705.0 3835.0 
273150.0 2731.5 2705.0 3376.0 
272988.0 2729.88 2705.0 3331.0 
275201.0 2752.01 2705.0 3590.0 
275725.0 2757.25 2705.0 3459.0 
275532.0 2755.32 2705.0 3462.0 
272344.0 2723.44 2705.0 3512.0 
272573.0 2725.73 2705.0 3268.0 
274822.0 2748.22 2705.0 3538.0 
276024.0 2760.24 2705.0 3659.0 
275841.0 2758.41 2705.0 3579.0 
277740.0 2777.4 2705.0 3363.0 
277596.0 2775.96 2705.0 3366.0 
277717.0 2777.17 2705.0 3465.0 
276824.0 2768.24 2705.0 3626.0 
276384.0 2763.84 2705.0 3586.0 
275778.0 2757.78 2705.0 3584.0 
277393.0 2773.93 2705.0 3665.0 
275967.0 2759.67 2705.0 3371.0 
277916.0 2779.16 2705.0 3439.0 
274339.0 2743.39 2705.0 3484.0 
276242.0 2762.42 2705.0 3597.0 
275438.0 2754.38 2705.0 3563.0 
277370.0 2773.7 2705.0 3523.0 
277399.0 2773.99 2705.0 3586.0 
274010.0 2740.1 2705.0 3254.0 
273063.0 2730.63 2705.0 3211.0 
273940.0 2739.4 2705.0 3359.0 
275040.0 2750.4 2705.0 3436.0 
275462.0 2754.62 2705.0 3750.0 
274090.0 2740.9 2705.0 3806.0 
277046.0 2770.46 2705.0 3507.0 
274325.0 2743.25 2705.0 3266.0 
271758.0 2717.58 2705.0 3156.0 
273558.0 2735.58 2705.0 3409.0 
272572.0 2725.72 2705.0 3253.0 
274361.0 2743.61 2705.0 3548.0 
274550.0 2745.5 2705.0 3581.0 
272766.0 2727.66 2705.0 3982.0 
273420.0 2734.2 2705.0 3554.0 
277495.0 2774.95 2705.0 3510.0 
273434.0 2734.34 2705.0 3478.0 
272631.0 2726.31 2705.0 3288.0 
274136.0 2741.36 2705.0 3779.0 
276828.0 2768.28 2705.0 3572.0 
275077.0 2750.77 2705.0 3485.0 
272637.0 2726.37 2705.0 3581.0 
273898.0 2738.98 2705.0 3476.0 
274518.0 2745.18 2705.0 3439.0 
275099.0 2750.99 2692.0 3887.0 
275624.0 2756.24 2705.0 3508.0 
275111.0 2751.11 2705.0 3559.0 
274273.0 2742.73 2705.0 3483.0 
275077.0 2750.77 2705.0 3596.0 
272353.0 2723.53 2705.0 3618.0 
272912.0 2729.12 2705.0 3594.0 
275459.0 2754.59 2705.0 3521.0 
273881.0 2738.81 2705.0 3482.0 
275609.0 2756.09 2705.0 3480.0 
274396.0 2743.96 2705.0 3516.0 
274377.0 2743.77 2705.0 3339.0 
276099.0 2760.99 2705.0 3558.0 
277078.0 2770.78 2705.0 3566.0 
273853.0 2738.53 2705.0 3379.0 
274167.0 2741.67 2705.0 3372.0 
275784.0 2757.84 2705.0 3353.0 
276928.0 2769.28 2705.0 3524.0 
275999.0 2759.99 2705.0 3759.0 
278324.0 2783.24 2705.0 3889.0 
279799.0 2797.99 2705.0 4000.0 
280804.0 2808.04 2705.0 3478.0 
275416.0 2754.16 2705.0 3454.0 
275990.0 2759.9 2705.0 3462.0 
275427.0 2754.27 2705.0 3440.0 
275689.0 2756.89 2705.0 3449.0 
274543.0 2745.43 2705.0 3357.0 
272037.0 2720.37 2705.0 3510.0 
273132.0 2731.32 2705.0 3442.0 
273316.0 2733.16 2705.0 3539.0 
274315.0 2743.15 2705.0 3405.0 
275799.0 2757.99 2705.0 3428.0 
275328.0 2753.28 2705.0 3383.0 
274581.0 2745.81 2705.0 3461.0 
273858.0 2738.58 2705.0 3548.0 
273469.0 2734.69 2705.0 3604.0 
275652.0 2756.52 2705.0 3844.0 
274808.0 2748.08 2705.0 3286.0 
273827.0 2738.27 2705.0 3577.0 
277626.0 2776.26 2705.0 3605.0 
275045.0 2750.45 2705.0 3370.0 
273531.0 2735.31 2705.0 3478.0 
273797.0 2737.97 2705.0 3473.0 
271518.0 2715.18 2705.0 3249.0 
272075.0 2720.75 2705.0 3388.0 
274542.0 2745.42 2705.0 3537.0 
275088.0 2750.88 2705.0 3450.0 
274653.0 2746.53 2705.0 3521.0 
276413.0 2764.13 2705.0 3658.0 
275156.0 2751.56 2705.0 3531.0 
276562.0 2765.62 2677.0 3623.0 
277523.0 2775.23 2623.0 3463.0 
272985.0 2729.85 2623.0 3596.0 
270647.0 2706.47 2623.0 3192.0 
270979.0 2709.79 2623.0 3256.0 
270532.0 2705.32 2623.0 3457.0 
270241.0 2702.41 2623.0 3630.0 
272364.0 2723.64 2623.0 3511.0 
272397.0 2723.97 2623.0 3328.0 
269759.0 2697.59 2623.0 3112.0 
272348.0 2723.48 2623.0 3404.0 
274616.0 2746.16 2623.0 3660.0 
275799.0 2757.99 2623.0 3495.0 
270980.0 2709.8 2623.0 3400.0 
270149.0 2701.49 2623.0 3364.0 
272407.0 2724.07 2623.0 3448.0 
271173.0 2711.73 2623.0 3545.0 
274431.0 2744.31 2623.0 3795.0 
273367.0 2733.67 2623.0 3718.0 
272740.0 2727.4 2623.0 3522.0 
271026.0 2710.26 2623.0 3520.0 
270232.0 2702.32 2623.0 3281.0 
270309.0 2703.09 2623.0 3377.0 
271361.0 2713.61 2623.0 3575.0 
271626.0 2716.26 2623.0 3469.0 
269990.0 2699.9 2623.0 3274.0 
272863.0 2728.63 2623.0 3444.0 
271535.0 2715.35 2623.0 3575.0 
267879.0 2678.79 2623.0 3228.0 
269794.0 2697.94 2623.0 3364.0 
273079.0 2730.79 2623.0 3641.0 
273585.0 2735.85 2623.0 3587.0 
273162.0 2731.62 2623.0 3499.0 
271596.0 2715.96 2623.0 3641.0 
274662.0 2746.62 2623.0 3539.0 
271296.0 2712.96 2623.0 3430.0 
271330.0 2713.3 2623.0 3534.0 
271715.0 2717.15 2623.0 3336.0 
270896.0 2708.96 2623.0 3434.0 
271557.0 2715.57 2623.0 3844.0 
272065.0 2720.65 2623.0 3588.0 
270482.0 2704.82 2623.0 3371.0 
269267.0 2692.67 2623.0 3414.0 
268491.0 2684.91 2623.0 3243.0 
267847.0 2678.47 2623.0 3580.0 
268388.0 2683.88 2623.0 3307.0 
269630.0 2696.3 2623.0 3514.0 
269441.0 2694.41 2623.0 3344.0 
269083.0 2690.83 2623.0 3487.0 
269011.0 2690.11 2623.0 3514.0 
268101.0 2681.01 2623.0 2996.0 
267467.0 2674.67 2623.0 3367.0 
267948.0 2679.48 2623.0 3422.0 
270101.0 2701.01 2623.0 3803.0 
268870.0 2688.7 2623.0 3382.0 
269647.0 2696.47 2623.0 3519.0 
268641.0 2686.41 2623.0 3265.0 
269785.0 2697.85 2623.0 3377.0 
268703.0 2687.03 2623.0 3406.0 
266249.0 2662.49 2623.0 3134.0 
268067.0 2680.67 2623.0 3459.0 
267976.0 2679.76 2623.0 3314.0 
266746.0 2667.46 2623.0 3681.0 
267163.0 2671.63 2623.0 3446.0 
268899.0 2688.99 2623.0 3445.0 
268104.0 2681.04 2623.0 3301.0 
266769.0 2667.69 2623.0 3125.0 
268867.0 2688.67 2623.0 3426.0 
267833.0 2678.33 2623.0 3177.0 
267384.0 2673.84 2623.0 3234.0 
268866.0 2688.66 2623.0 3380.0 
268006.0 2680.06 2647.0 3267.0 
266578.0 2665.78 2647.0 3129.0 
269043.0 2690.43 2647.0 3664.0 
267574.0 2675.74 2647.0 3490.0 
268608.0 2686.08 2647.0 3424.0 
270899.0 2708.99 2647.0 3518.0 
270775.0 2707.75 2647.0 3316.0 
270057.0 2700.57 2647.0 3607.0 
269430.0 2694.3 2647.0 3516.0 
271816.0 2718.16 2647.0 3500.0 
268255.0 2682.55 2647.0 3662.0 
268839.0 2688.39 2647.0 3773.0 
270840.0 2708.4 2647.0 3630.0 
268435.0 2684.35 2647.0 3499.0 
267871.0 2678.71 2647.0 3289.0 
267890.0 2678.9 2647.0 3358.0 
266918.0 2669.18 2647.0 3497.0 
268114.0 2681.14 2647.0 3616.0 
268801.0 2688.01 2647.0 3514.0 
267625.0 2676.25 2647.0 3286.0 
269135.0 2691.35 2647.0 3433.0 
270803.0 2708.03 2615.0 3372.0 
269291.0 2692.91 2615.0 3430.0 
268166.0 2681.66 2615.0 3473.0 
267635.0 2676.35 2615.0 3291.0 
266836.0 2668.36 2615.0 3350.0 
272028.0 2720.28 2615.0 3370.0 
269789.0 2697.89 2615.0 3526.0 
269164.0 2691.64 2615.0 3524.0 
269057.0 2690.57 2615.0 3486.0 
267633.0 2676.33 2615.0 3248.0 
267159.0 2671.59 2552.0 3377.0 
266554.0 2665.54 2552.0 3416.0 
265214.0 2652.14 2552.0 3202.0 
266035.0 2660.35 2552.0 3613.0 
266893.0 2668.93 2552.0 3480.0 
267114.0 2671.14 2552.0 3495.0 
265288.0 2652.88 2552.0 3453.0 
265154.0 2651.54 2552.0 3504.0 
265652.0 2656.52 2552.0 3407.0 
266402.0 2664.02 2552.0 3402.0 
264775.0 2647.75 2552.0 3453.0 
261827.0 2618.27 2552.0 3329.0 
262272.0 2622.72 2552.0 3343.0 
261944.0 2619.44 2552.0 3579.0 
261022.0 2610.22 2552.0 3160.0 
260254.0 2602.54 2552.0 3214.0 
262438.0 2624.38 2552.0 3540.0 
260994.0 2609.94 2552.0 3218.0 
260403.0 2604.03 2552.0 3389.0 
259506.0 2595.06 2552.0 3323.0 
261328.0 2613.28 2552.0 3425.0 
261825.0 2618.25 2552.0 3718.0 
261496.0 2614.96 2552.0 3429.0 
262439.0 2624.39 2550.0 3515.0 
260932.0 2609.32 2550.0 3344.0 
261490.0 2614.9 2550.0 3728.0 
265995.0 2659.95 2547.0 3421.0 
262627.0 2626.27 2547.0 3442.0 
262719.0 2627.19 2547.0 3565.0 
260270.0 2602.7 2547.0 3574.0 
261583.0 2615.83 2547.0 3460.0 
258660.0 2586.6 2547.0 3089.0 
259297.0 2592.97 2547.0 3232.0 
258867.0 2588.67 2547.0 3153.0 
260744.0 2607.44 2547.0 3487.0 
261659.0 2616.59 2547.0 3672.0 
263086.0 2630.86 2547.0 3423.0 
261389.0 2613.89 2547.0 3318.0 
262601.0 2626.01 2552.0 3538.0 
262009.0 2620.09 2552.0 3437.0 
259013.0 2590.13 2552.0 3325.0 
260061.0 2600.61 2552.0 3208.0 
260497.0 2604.97 2552.0 3450.0 
260837.0 2608.37 2552.0 3304.0 
259895.0 2598.95 2552.0 3305.0 
259207.0 2592.07 2552.0 3315.0 
260180.0 2601.8 2552.0 3263.0 
263035.0 2630.35 2552.0 3522.0 
262018.0 2620.18 2552.0 3409.0 
262174.0 2621.74 2552.0 3218.0 
261751.0 2617.51 2552.0 3384.0 
261795.0 2617.95 2504.0 3379.0 
262939.0 2629.39 2552.0 3546.0 
261045.0 2610.45 2552.0 3385.0 
264882.0 2648.82 2552.0 4005.0 
260372.0 2603.72 2552.0 3445.0 
259908.0 2599.08 2552.0 3142.0 
257913.0 2579.13 2552.0 3099.0 
258470.0 2584.7 2552.0 3098.0 
259878.0 2598.78 2552.0 3506.0 
257579.0 2575.79 2552.0 3324.0 
260291.0 2602.91 2552.0 3525.0 
261450.0 2614.5 2552.0 3462.0 
262683.0 2626.83 2552.0 3303.0 
262397.0 2623.97 2552.0 3431.0 
261982.0 2619.82 2552.0 3465.0 
262092.0 2620.92 2552.0 3227.0 
259489.0 2594.89 2552.0 3139.0 
262270.0 2622.7 2552.0 3570.0 
263380.0 2633.8 2552.0 3403.0 
267762.0 2677.62 2552.0 4003.0 
268904.0 2689.04 2552.0 3638.0 
265010.0 2650.1 2545.0 3422.0 
265430.0 2654.3 2545.0 3539.0 
265720.0 2657.2 2545.0 3447.0 
265115.0 2651.15 2545.0 3269.0 
264355.0 2643.55 2545.0 3395.0 
261247.0 2612.47 2545.0 3524.0 
260828.0 2608.28 2545.0 3435.0 
263807.0 2638.07 2545.0 3233.0 
261729.0 2617.29 2545.0 3375.0 
258452.0 2584.52 2545.0 3298.0 
259525.0 2595.25 2545.0 3407.0 
257471.0 2574.71 2545.0 2907.0 
259750.0 2597.5 2545.0 3639.0 
259793.0 2597.93 2545.0 3475.0 
263369.0 2633.69 2545.0 3451.0 
260685.0 2606.85 2545.0 3393.0 
262698.0 2626.98 2527.0 3823.0 
261959.0 2619.59 2449.0 3768.0 
259098.0 2590.98 2449.0 3510.0 
259150.0 2591.5 2449.0 3426.0 
259410.0 2594.1 2449.0 3169.0 
259359.0 2593.59 2449.0 3215.0 
258567.0 2585.67 2449.0 3212.0 
260059.0 2600.59 2449.0 3323.0 
258488.0 2584.88 2449.0 3288.0 
257225.0 2572.25 2449.0 3430.0 
255957.0 2559.57 2449.0 3471.0 
258753.0 2587.53 2449.0 3277.0 
257058.0 2570.58 2449.0 3310.0 
257464.0 2574.64 2449.0 3514.0 
255825.0 2558.25 2449.0 3446.0 
253072.0 2530.72 2449.0 3301.0 
256261.0 2562.61 2449.0 3153.0 
256381.0 2563.81 2449.0 3415.0 
257106.0 2571.06 2449.0 3475.0 
252888.0 2528.88 2449.0 3066.0 
252312.0 2523.12 2449.0 3335.0 
252203.0 2522.03 2449.0 3121.0 
250932.0 2509.32 2449.0 3173.0 
