5404.0 270.2 247.0 311.0 
5384.0 269.2 235.0 295.0 
5207.0 260.35 226.0 280.0 
5187.0 259.35 247.0 278.0 
5101.0 255.05 242.0 280.0 
5140.0 257.0 229.0 279.0 
5078.0 253.9 220.0 280.0 
5067.0 253.35 217.0 270.0 
4722.0 236.1 208.0 263.0 
4636.0 231.8 208.0 255.0 
4483.0 224.15 203.0 243.0 
4303.0 215.15 203.0 226.0 
4213.0 210.65 201.0 229.0 
4189.0 209.45 201.0 227.0 
4229.0 211.45 201.0 222.0 
4198.0 209.9 195.0 229.0 
4236.0 211.8 188.0 232.0 
4105.0 205.25 189.0 221.0 
4015.0 200.75 183.0 233.0 
4040.0 202.0 183.0 236.0 
4113.0 205.65 184.0 236.0 
4083.0 204.15 184.0 222.0 
4019.0 200.95 184.0 219.0 
3962.0 198.1 179.0 232.0 
3930.0 196.5 169.0 238.0 
3927.0 196.35 171.0 221.0 
3868.0 193.4 171.0 221.0 
3933.0 196.65 171.0 224.0 
3854.0 192.7 172.0 213.0 
3778.0 188.9 173.0 215.0 
3825.0 191.25 172.0 215.0 
3806.0 190.3 172.0 218.0 
3751.0 187.55 172.0 205.0 
3638.0 181.9 161.0 202.0 
3650.0 182.5 165.0 212.0 
3681.0 184.05 165.0 211.0 
3725.0 186.25 165.0 217.0 
3909.0 195.45 175.0 231.0 
3957.0 197.85 176.0 234.0 
4031.0 201.55 181.0 217.0 
3875.0 193.75 172.0 225.0 
3800.0 190.0 172.0 211.0 
3794.0 189.7 169.0 217.0 
3767.0 188.35 169.0 219.0 
3749.0 187.45 168.0 216.0 
3734.0 186.7 169.0 206.0 
3645.0 182.25 169.0 217.0 
3719.0 185.95 167.0 210.0 
3604.0 180.2 167.0 206.0 
3599.0 179.95 167.0 210.0 
3624.0 181.2 167.0 205.0 
3622.0 181.1 169.0 210.0 
3522.0 176.1 166.0 195.0 
3460.0 173.0 166.0 182.0 
3553.0 177.65 160.0 197.0 
3517.0 175.85 160.0 190.0 
3443.0 172.15 160.0 185.0 
3343.0 167.15 160.0 183.0 
3266.0 163.3 160.0 177.0 
3267.0 163.35 159.0 174.0 
3296.0 164.8 159.0 176.0 
3289.0 164.45 155.0 183.0 
3276.0 163.8 147.0 189.0 
3285.0 164.25 147.0 187.0 
3158.0 157.9 147.0 175.0 
3043.0 152.15 144.0 171.0 
2959.0 147.95 144.0 162.0 
2961.0 148.05 144.0 174.0 
2919.0 145.95 144.0 153.0 
2940.0 147.0 144.0 168.0 
2931.0 146.55 142.0 162.0 
2943.0 147.15 142.0 167.0 
2904.0 145.2 142.0 152.0 
2890.0 144.5 142.0 147.0 
2902.0 145.1 144.0 153.0 
2921.0 146.05 144.0 166.0 
2888.0 144.4 143.0 153.0 
2897.0 144.85 144.0 158.0 
2896.0 144.8 144.0 160.0 
2879.0 143.95 143.0 144.0 
2886.0 144.3 143.0 152.0 
2910.0 145.5 143.0 171.0 
2908.0 145.4 144.0 163.0 
2893.0 144.65 144.0 150.0 
2902.0 145.1 137.0 162.0 
2898.0 144.9 137.0 153.0 
2977.0 148.85 137.0 174.0 
2942.0 147.1 137.0 172.0 
3018.0 150.9 144.0 181.0 
2955.0 147.75 144.0 169.0 
2951.0 147.55 136.0 163.0 
2939.0 146.95 136.0 160.0 
2935.0 146.75 136.0 194.0 
2994.0 149.7 136.0 166.0 
2929.0 146.45 136.0 160.0 
2910.0 145.5 136.0 163.0 
2896.0 144.8 136.0 167.0 
2899.0 144.95 136.0 162.0 
2843.0 142.15 136.0 152.0 
2856.0 142.8 136.0 156.0 
2845.0 142.25 136.0 156.0 
2844.0 142.2 136.0 160.0 
2947.0 147.35 136.0 175.0 
2987.0 149.35 136.0 176.0 
3019.0 150.95 136.0 164.0 
2982.0 149.1 136.0 168.0 
2919.0 145.95 133.0 165.0 
2925.0 146.25 134.0 176.0 
2972.0 148.6 134.0 167.0 
2979.0 148.95 129.0 165.0 
2903.0 145.15 129.0 166.0 
2999.0 149.95 134.0 188.0 
2906.0 145.3 128.0 165.0 
2961.0 148.05 134.0 162.0 
2943.0 147.15 134.0 161.0 
2959.0 147.95 137.0 175.0 
2979.0 148.95 137.0 165.0 
3066.0 153.3 136.0 174.0 
3041.0 152.05 137.0 175.0 
3035.0 151.75 137.0 171.0 
2936.0 146.8 137.0 160.0 
3030.0 151.5 137.0 177.0 
3052.0 152.6 138.0 179.0 
3110.0 155.5 137.0 185.0 
3194.0 159.7 137.0 184.0 
3283.0 164.15 148.0 187.0 
3255.0 162.75 142.0 187.0 
3273.0 163.65 142.0 185.0 
3367.0 168.35 154.0 190.0 
3406.0 170.3 157.0 191.0 
3441.0 172.05 154.0 197.0 
3409.0 170.45 159.0 184.0 
3404.0 170.2 159.0 191.0 
3398.0 169.9 149.0 196.0 
3343.0 167.15 153.0 197.0 
3387.0 169.35 156.0 182.0 
3413.0 170.65 156.0 188.0 
3370.0 168.5 156.0 182.0 
3342.0 167.1 157.0 183.0 
3383.0 169.15 157.0 185.0 
3328.0 166.4 154.0 183.0 
3365.0 168.25 154.0 183.0 
3332.0 166.6 154.0 190.0 
3435.0 171.75 159.0 190.0 
3423.0 171.15 159.0 187.0 
3467.0 173.35 154.0 203.0 
3494.0 174.7 154.0 207.0 
3465.0 173.25 161.0 190.0 
3525.0 176.25 161.0 207.0 
3483.0 174.15 160.0 189.0 
3561.0 178.05 168.0 197.0 
3536.0 176.8 168.0 190.0 
3571.0 178.55 167.0 203.0 
3643.0 182.15 163.0 203.0 
3601.0 180.05 162.0 205.0 
3639.0 181.95 164.0 203.0 
3489.0 174.45 164.0 189.0 
3460.0 173.0 157.0 198.0 
3514.0 175.7 149.0 202.0 
3422.0 171.1 148.0 210.0 
3302.0 165.1 145.0 181.0 
3300.0 165.0 147.0 191.0 
3287.0 164.35 143.0 190.0 
3234.0 161.7 138.0 188.0 
3196.0 159.8 138.0 186.0 
3094.0 154.7 138.0 173.0 
3052.0 152.6 138.0 193.0 
3158.0 157.9 130.0 193.0 
3044.0 152.2 135.0 179.0 
3061.0 153.05 134.0 176.0 
3019.0 150.95 134.0 179.0 
3044.0 152.2 135.0 180.0 
3050.0 152.5 138.0 184.0 
3059.0 152.95 138.0 177.0 
3121.0 156.05 140.0 183.0 
3069.0 153.45 139.0 178.0 
3090.0 154.5 139.0 180.0 
3112.0 155.6 135.0 176.0 
2985.0 149.25 125.0 169.0 
2921.0 146.05 129.0 161.0 
2858.0 142.9 129.0 162.0 
2904.0 145.2 129.0 162.0 
2804.0 140.2 129.0 180.0 
2867.0 143.35 129.0 178.0 
2897.0 144.85 120.0 174.0 
2877.0 143.85 120.0 159.0 
2960.0 148.0 131.0 174.0 
3019.0 150.95 133.0 164.0 
2988.0 149.4 133.0 173.0 
3144.0 157.2 131.0 195.0 
3037.0 151.85 133.0 178.0 
3018.0 150.9 136.0 173.0 
2950.0 147.5 131.0 170.0 
3077.0 153.85 142.0 173.0 
3151.0 157.55 143.0 174.0 
3138.0 156.9 145.0 173.0 
3175.0 158.75 138.0 173.0 
3170.0 158.5 149.0 171.0 
3187.0 159.35 142.0 178.0 
3197.0 159.85 142.0 186.0 
3237.0 161.85 143.0 190.0 
3303.0 165.15 142.0 186.0 
3219.0 160.95 143.0 185.0 
3207.0 160.35 138.0 185.0 
3220.0 161.0 138.0 181.0 
3199.0 159.95 138.0 185.0 
3139.0 156.95 138.0 183.0 
3091.0 154.55 138.0 181.0 
3042.0 152.1 138.0 169.0 
3074.0 153.7 133.0 177.0 
3120.0 156.0 137.0 180.0 
3070.0 153.5 137.0 174.0 
3093.0 154.65 137.0 183.0 
3059.0 152.95 137.0 177.0 
3053.0 152.65 137.0 174.0 
3079.0 153.95 137.0 183.0 
3095.0 154.75 138.0 173.0 
3098.0 154.9 139.0 170.0 
3057.0 152.85 139.0 168.0 
3044.0 152.2 139.0 166.0 
3089.0 154.45 140.0 167.0 
3138.0 156.9 139.0 176.0 
3062.0 153.1 142.0 182.0 
3054.0 152.7 142.0 169.0 
2993.0 149.65 142.0 166.0 
3021.0 151.05 143.0 168.0 
3103.0 155.15 143.0 170.0 
3145.0 157.25 143.0 178.0 
3182.0 159.1 143.0 185.0 
3112.0 155.6 138.0 174.0 
3023.0 151.15 134.0 165.0 
2987.0 149.35 134.0 179.0 
2956.0 147.8 134.0 160.0 
3013.0 150.65 136.0 184.0 
2968.0 148.4 136.0 167.0 
3056.0 152.8 138.0 171.0 
3080.0 154.0 139.0 178.0 
3078.0 153.9 139.0 171.0 
3077.0 153.85 139.0 172.0 
3006.0 150.3 133.0 166.0 
3036.0 151.8 137.0 176.0 
2908.0 145.4 132.0 170.0 
2943.0 147.15 137.0 157.0 
2970.0 148.5 138.0 171.0 
2906.0 145.3 130.0 162.0 
2866.0 143.3 138.0 161.0 
2947.0 147.35 136.0 170.0 
2906.0 145.3 138.0 158.0 
2865.0 143.25 133.0 159.0 
2833.0 141.65 133.0 169.0 
2847.0 142.35 133.0 162.0 
2816.0 140.8 133.0 148.0 
2857.0 142.85 134.0 184.0 
2808.0 140.4 134.0 156.0 
2880.0 144.0 134.0 167.0 
2859.0 142.95 134.0 160.0 
2856.0 142.8 134.0 154.0 
2825.0 141.25 132.0 157.0 
2852.0 142.6 129.0 163.0 
2838.0 141.9 129.0 158.0 
2848.0 142.4 133.0 153.0 
2854.0 142.7 131.0 159.0 
2849.0 142.45 131.0 159.0 
2920.0 146.0 131.0 203.0 
2882.0 144.1 134.0 164.0 
2876.0 143.8 134.0 167.0 
2844.0 142.2 133.0 153.0 
2943.0 147.15 137.0 164.0 
2991.0 149.55 138.0 173.0 
3005.0 150.25 138.0 161.0 
3053.0 152.65 139.0 170.0 
3149.0 157.45 142.0 182.0 
3186.0 159.3 135.0 186.0 
3082.0 154.1 136.0 174.0 
2951.0 147.55 135.0 160.0 
2952.0 147.6 135.0 169.0 
2917.0 145.85 135.0 165.0 
3016.0 150.8 135.0 168.0 
2999.0 149.95 129.0 179.0 
3147.0 157.35 137.0 184.0 
3080.0 154.0 129.0 177.0 
3033.0 151.65 129.0 168.0 
2965.0 148.25 129.0 190.0 
3019.0 150.95 129.0 178.0 
3009.0 150.45 129.0 180.0 
2975.0 148.75 129.0 179.0 
3005.0 150.25 129.0 171.0 
2974.0 148.7 129.0 174.0 
2937.0 146.85 132.0 178.0 
2959.0 147.95 135.0 169.0 
3068.0 153.4 135.0 174.0 
3025.0 151.25 135.0 171.0 
3053.0 152.65 143.0 174.0 
3099.0 154.95 134.0 175.0 
3127.0 156.35 140.0 192.0 
3093.0 154.65 138.0 189.0 
3164.0 158.2 136.0 184.0 
3144.0 157.2 136.0 193.0 
3146.0 157.3 136.0 186.0 
3105.0 155.25 132.0 177.0 
3088.0 154.4 132.0 181.0 
2902.0 145.1 132.0 166.0 
2890.0 144.5 132.0 170.0 
2890.0 144.5 132.0 195.0 
2963.0 148.15 132.0 173.0 
2858.0 142.9 132.0 167.0 
2805.0 140.25 132.0 157.0 
2838.0 141.9 132.0 155.0 
2849.0 142.45 132.0 159.0 
2792.0 139.6 132.0 159.0 
2823.0 141.15 132.0 158.0 
2811.0 140.55 132.0 175.0 
2879.0 143.95 132.0 164.0 
2823.0 141.15 132.0 160.0 
2826.0 141.3 132.0 166.0 
2837.0 141.85 130.0 162.0 
2865.0 143.25 130.0 158.0 
2880.0 144.0 132.0 165.0 
2936.0 146.8 132.0 155.0 
2888.0 144.4 132.0 154.0 
2845.0 142.25 132.0 171.0 
2889.0 144.45 137.0 162.0 
2939.0 146.95 136.0 176.0 
3002.0 150.1 139.0 170.0 
2931.0 146.55 129.0 166.0 
2894.0 144.7 129.0 161.0 
2939.0 146.95 130.0 177.0 
2888.0 144.4 130.0 167.0 
2855.0 142.75 130.0 164.0 
2802.0 140.1 129.0 164.0 
2740.0 137.0 128.0 152.0 
2675.0 133.75 128.0 141.0 
2673.0 133.65 129.0 149.0 
2677.0 133.85 129.0 152.0 
2711.0 135.55 124.0 157.0 
2759.0 137.95 124.0 156.0 
2734.0 136.7 124.0 157.0 
2756.0 137.8 124.0 164.0 
2720.0 136.0 126.0 152.0 
2711.0 135.55 126.0 159.0 
2746.0 137.3 122.0 156.0 
2722.0 136.1 124.0 162.0 
2746.0 137.3 124.0 161.0 
2732.0 136.6 124.0 166.0 
2705.0 135.25 121.0 155.0 
2829.0 141.45 121.0 193.0 
2807.0 140.35 124.0 160.0 
2819.0 140.95 129.0 173.0 
2850.0 142.5 129.0 165.0 
2834.0 141.7 129.0 150.0 
2911.0 145.55 129.0 163.0 
2879.0 143.95 129.0 177.0 
2782.0 139.1 123.0 155.0 
2782.0 139.1 123.0 157.0 
2749.0 137.45 130.0 156.0 
2836.0 141.8 130.0 163.0 
2819.0 140.95 128.0 156.0 
2822.0 141.1 131.0 156.0 
2844.0 142.2 133.0 162.0 
2829.0 141.45 133.0 150.0 
2779.0 138.95 129.0 153.0 
2874.0 143.7 129.0 172.0 
2822.0 141.1 129.0 158.0 
2820.0 141.0 132.0 163.0 
2770.0 138.5 129.0 155.0 
2766.0 138.3 131.0 154.0 
2828.0 141.4 131.0 168.0 
2892.0 144.6 131.0 157.0 
2887.0 144.35 133.0 156.0 
2880.0 144.0 130.0 173.0 
2919.0 145.95 130.0 168.0 
2947.0 147.35 134.0 165.0 
2912.0 145.6 128.0 166.0 
3032.0 151.6 128.0 181.0 
2994.0 149.7 128.0 165.0 
3095.0 154.75 134.0 184.0 
3178.0 158.9 137.0 182.0 
3079.0 153.95 137.0 180.0 
3069.0 153.45 137.0 189.0 
3071.0 153.55 137.0 184.0 
3043.0 152.15 137.0 169.0 
2953.0 147.65 137.0 163.0 
2994.0 149.7 137.0 191.0 
2927.0 146.35 136.0 162.0 
2933.0 146.65 136.0 166.0 
3014.0 150.7 136.0 174.0 
3065.0 153.25 136.0 177.0 
3044.0 152.2 131.0 168.0 
3052.0 152.6 136.0 187.0 
3129.0 156.45 137.0 181.0 
3159.0 157.95 133.0 179.0 
3168.0 158.4 135.0 191.0 
3171.0 158.55 137.0 184.0 
3138.0 156.9 139.0 179.0 
3143.0 157.15 140.0 181.0 
3148.0 157.4 140.0 187.0 
3181.0 159.05 144.0 186.0 
3273.0 163.65 143.0 202.0 
3357.0 167.85 143.0 189.0 
