0.0 90.0 7.0 89.0 75.0 22.0 97.0 45.0 43.0 29.0 90.0 27.0 43.0 79.0 50.0 93.0 67.0 39.0 68.0 3.0 46.0 99.0 58.0 7.0 93.0 26.0 63.0 43.0 19.0 16.0 19.0 26.0 49.0 29.0 96.0 75.0 44.0 16.0 55.0 39.0 98.0 42.0 51.0 77.0 98.0 62.0 68.0 12.0 39.0 8.0 
90.0 0.0 57.0 35.0 89.0 85.0 28.0 47.0 58.0 33.0 87.0 40.0 56.0 21.0 47.0 11.0 48.0 73.0 73.0 37.0 68.0 11.0 57.0 85.0 56.0 20.0 74.0 14.0 42.0 29.0 13.0 53.0 65.0 2.0 85.0 58.0 80.0 1.0 71.0 72.0 95.0 7.0 59.0 21.0 72.0 3.0 35.0 48.0 3.0 34.0 
7.0 57.0 0.0 1.0 37.0 1.0 56.0 70.0 58.0 95.0 6.0 18.0 59.0 77.0 46.0 21.0 68.0 12.0 33.0 42.0 45.0 87.0 13.0 95.0 86.0 23.0 41.0 26.0 22.0 1.0 21.0 29.0 60.0 99.0 75.0 32.0 37.0 45.0 6.0 8.0 79.0 95.0 56.0 39.0 2.0 54.0 71.0 85.0 3.0 37.0 
89.0 35.0 1.0 0.0 59.0 29.0 52.0 1.0 48.0 70.0 73.0 23.0 31.0 47.0 5.0 38.0 48.0 89.0 56.0 4.0 5.0 16.0 74.0 27.0 96.0 69.0 10.0 87.0 20.0 24.0 53.0 85.0 85.0 53.0 52.0 93.0 80.0 18.0 88.0 99.0 66.0 55.0 18.0 42.0 96.0 97.0 9.0 48.0 1.0 26.0 
75.0 89.0 37.0 59.0 0.0 18.0 70.0 22.0 17.0 34.0 21.0 75.0 50.0 20.0 93.0 65.0 3.0 58.0 40.0 42.0 87.0 92.0 37.0 31.0 23.0 68.0 30.0 89.0 89.0 75.0 82.0 42.0 5.0 39.0 89.0 64.0 3.0 64.0 54.0 54.0 59.0 73.0 69.0 32.0 27.0 54.0 15.0 54.0 15.0 30.0 
22.0 85.0 1.0 29.0 18.0 0.0 89.0 44.0 61.0 91.0 21.0 84.0 19.0 20.0 31.0 23.0 71.0 39.0 29.0 13.0 29.0 48.0 95.0 96.0 37.0 84.0 16.0 1.0 16.0 79.0 89.0 9.0 45.0 89.0 35.0 10.0 11.0 76.0 61.0 95.0 94.0 39.0 86.0 18.0 15.0 6.0 82.0 73.0 54.0 41.0 
97.0 28.0 56.0 52.0 70.0 89.0 0.0 38.0 27.0 88.0 53.0 85.0 86.0 80.0 99.0 98.0 85.0 84.0 3.0 77.0 25.0 46.0 38.0 27.0 89.0 64.0 68.0 81.0 42.0 63.0 29.0 38.0 10.0 100.0 40.0 65.0 13.0 40.0 24.0 68.0 96.0 28.0 71.0 5.0 43.0 4.0 83.0 96.0 74.0 89.0 
45.0 47.0 70.0 1.0 22.0 44.0 38.0 0.0 74.0 7.0 2.0 42.0 2.0 89.0 54.0 53.0 19.0 42.0 64.0 99.0 8.0 42.0 98.0 80.0 76.0 60.0 70.0 63.0 8.0 40.0 33.0 51.0 11.0 57.0 56.0 98.0 97.0 59.0 37.0 26.0 57.0 73.0 59.0 2.0 25.0 78.0 10.0 44.0 66.0 28.0 
43.0 58.0 58.0 48.0 17.0 61.0 27.0 74.0 0.0 36.0 93.0 10.0 4.0 9.0 43.0 29.0 17.0 10.0 30.0 57.0 60.0 91.0 95.0 2.0 14.0 29.0 74.0 39.0 63.0 40.0 66.0 40.0 35.0 89.0 20.0 85.0 21.0 60.0 92.0 3.0 2.0 16.0 65.0 82.0 51.0 22.0 40.0 54.0 46.0 64.0 
29.0 33.0 95.0 70.0 34.0 91.0 88.0 7.0 36.0 0.0 50.0 4.0 50.0 96.0 5.0 62.0 68.0 84.0 66.0 96.0 33.0 24.0 26.0 76.0 69.0 55.0 3.0 39.0 57.0 23.0 80.0 65.0 35.0 38.0 29.0 34.0 50.0 21.0 88.0 59.0 81.0 5.0 25.0 66.0 33.0 69.0 87.0 18.0 83.0 91.0 
90.0 87.0 6.0 73.0 21.0 21.0 53.0 2.0 93.0 50.0 0.0 45.0 61.0 83.0 19.0 34.0 8.0 90.0 64.0 65.0 49.0 92.0 99.0 45.0 32.0 68.0 95.0 54.0 62.0 48.0 44.0 82.0 93.0 58.0 83.0 22.0 74.0 45.0 34.0 87.0 2.0 92.0 33.0 51.0 65.0 82.0 77.0 26.0 34.0 58.0 
27.0 40.0 18.0 23.0 75.0 84.0 85.0 42.0 10.0 4.0 45.0 0.0 97.0 32.0 94.0 20.0 88.0 2.0 18.0 67.0 70.0 79.0 89.0 98.0 16.0 36.0 32.0 24.0 22.0 15.0 91.0 2.0 3.0 75.0 92.0 67.0 27.0 86.0 6.0 39.0 38.0 29.0 60.0 83.0 91.0 63.0 91.0 23.0 83.0 40.0 
43.0 56.0 59.0 31.0 50.0 19.0 86.0 2.0 4.0 50.0 61.0 97.0 0.0 1.0 87.0 32.0 18.0 84.0 83.0 24.0 6.0 30.0 60.0 11.0 42.0 8.0 29.0 66.0 14.0 64.0 91.0 47.0 76.0 10.0 61.0 41.0 88.0 60.0 87.0 37.0 32.0 59.0 38.0 45.0 96.0 60.0 2.0 53.0 3.0 32.0 
79.0 21.0 77.0 47.0 20.0 20.0 80.0 89.0 9.0 96.0 83.0 32.0 1.0 0.0 93.0 16.0 39.0 48.0 42.0 79.0 92.0 10.0 24.0 61.0 77.0 92.0 28.0 77.0 65.0 62.0 59.0 94.0 68.0 80.0 29.0 63.0 54.0 71.0 42.0 98.0 77.0 89.0 23.0 88.0 87.0 1.0 19.0 78.0 14.0 28.0 
50.0 47.0 46.0 5.0 93.0 31.0 99.0 54.0 43.0 5.0 19.0 94.0 87.0 93.0 0.0 25.0 61.0 35.0 56.0 78.0 14.0 25.0 36.0 99.0 31.0 80.0 95.0 96.0 59.0 67.0 22.0 67.0 10.0 25.0 58.0 54.0 3.0 89.0 48.0 55.0 19.0 2.0 37.0 5.0 90.0 70.0 47.0 78.0 78.0 67.0 
93.0 11.0 21.0 38.0 65.0 23.0 98.0 53.0 29.0 62.0 34.0 20.0 32.0 16.0 25.0 0.0 34.0 70.0 100.0 69.0 100.0 87.0 72.0 23.0 78.0 64.0 95.0 14.0 82.0 59.0 1.0 51.0 19.0 67.0 19.0 33.0 10.0 50.0 76.0 57.0 81.0 49.0 100.0 84.0 65.0 79.0 94.0 56.0 91.0 73.0 
67.0 48.0 68.0 48.0 3.0 71.0 85.0 19.0 17.0 68.0 8.0 88.0 18.0 39.0 61.0 34.0 0.0 64.0 54.0 26.0 35.0 70.0 67.0 4.0 87.0 83.0 44.0 35.0 71.0 93.0 13.0 49.0 68.0 44.0 68.0 39.0 89.0 55.0 55.0 99.0 97.0 69.0 52.0 39.0 39.0 45.0 65.0 15.0 21.0 37.0 
39.0 73.0 12.0 89.0 58.0 39.0 84.0 42.0 10.0 84.0 90.0 2.0 84.0 48.0 35.0 70.0 64.0 0.0 30.0 43.0 62.0 96.0 2.0 14.0 90.0 25.0 96.0 41.0 52.0 39.0 8.0 1.0 36.0 36.0 13.0 80.0 35.0 45.0 4.0 91.0 45.0 46.0 96.0 24.0 75.0 7.0 99.0 34.0 64.0 92.0 
68.0 73.0 33.0 56.0 40.0 29.0 3.0 64.0 30.0 66.0 64.0 18.0 83.0 42.0 56.0 100.0 54.0 30.0 0.0 15.0 95.0 81.0 85.0 98.0 45.0 68.0 81.0 54.0 67.0 71.0 4.0 49.0 20.0 31.0 55.0 89.0 28.0 65.0 51.0 17.0 75.0 56.0 20.0 55.0 12.0 42.0 10.0 86.0 30.0 89.0 
3.0 37.0 42.0 4.0 42.0 13.0 77.0 99.0 57.0 96.0 65.0 67.0 24.0 79.0 78.0 69.0 26.0 43.0 15.0 0.0 46.0 30.0 79.0 53.0 32.0 57.0 76.0 27.0 26.0 93.0 85.0 84.0 76.0 87.0 27.0 95.0 18.0 68.0 34.0 54.0 32.0 62.0 10.0 87.0 24.0 67.0 37.0 76.0 97.0 76.0 
46.0 68.0 45.0 5.0 87.0 29.0 25.0 8.0 60.0 33.0 49.0 70.0 6.0 92.0 14.0 100.0 35.0 62.0 95.0 46.0 0.0 67.0 58.0 76.0 12.0 16.0 63.0 82.0 14.0 88.0 35.0 54.0 17.0 89.0 17.0 86.0 61.0 95.0 31.0 37.0 20.0 30.0 48.0 14.0 13.0 59.0 12.0 42.0 100.0 40.0 
99.0 11.0 87.0 16.0 92.0 48.0 46.0 42.0 91.0 24.0 92.0 79.0 30.0 10.0 25.0 87.0 70.0 96.0 81.0 30.0 67.0 0.0 78.0 40.0 22.0 69.0 100.0 86.0 8.0 29.0 70.0 7.0 16.0 27.0 43.0 94.0 63.0 33.0 48.0 3.0 10.0 75.0 66.0 86.0 39.0 14.0 6.0 28.0 94.0 79.0 
58.0 57.0 13.0 74.0 37.0 95.0 38.0 98.0 95.0 26.0 99.0 89.0 60.0 24.0 36.0 72.0 67.0 2.0 85.0 79.0 58.0 78.0 0.0 23.0 48.0 58.0 4.0 98.0 74.0 32.0 89.0 70.0 31.0 83.0 60.0 71.0 14.0 30.0 69.0 94.0 46.0 41.0 71.0 39.0 27.0 24.0 46.0 36.0 1.0 68.0 
7.0 85.0 95.0 27.0 31.0 96.0 27.0 80.0 2.0 76.0 45.0 98.0 11.0 61.0 99.0 23.0 4.0 14.0 98.0 53.0 76.0 40.0 23.0 0.0 71.0 26.0 85.0 28.0 28.0 28.0 13.0 55.0 11.0 62.0 50.0 57.0 52.0 79.0 61.0 52.0 18.0 1.0 54.0 75.0 97.0 37.0 33.0 49.0 40.0 57.0 
93.0 56.0 86.0 96.0 23.0 37.0 89.0 76.0 14.0 69.0 32.0 16.0 42.0 77.0 31.0 78.0 87.0 90.0 45.0 32.0 12.0 22.0 48.0 71.0 0.0 39.0 64.0 52.0 58.0 18.0 72.0 65.0 94.0 63.0 52.0 90.0 92.0 88.0 90.0 81.0 83.0 33.0 46.0 25.0 44.0 56.0 74.0 51.0 45.0 22.0 
26.0 20.0 23.0 69.0 68.0 84.0 64.0 60.0 29.0 55.0 68.0 36.0 8.0 92.0 80.0 64.0 83.0 25.0 68.0 57.0 16.0 69.0 58.0 26.0 39.0 0.0 43.0 13.0 86.0 11.0 11.0 86.0 95.0 98.0 98.0 52.0 86.0 76.0 91.0 100.0 32.0 72.0 30.0 15.0 63.0 83.0 95.0 97.0 59.0 60.0 
63.0 74.0 41.0 10.0 30.0 16.0 68.0 70.0 74.0 3.0 95.0 32.0 29.0 28.0 95.0 95.0 44.0 96.0 81.0 76.0 63.0 100.0 4.0 85.0 64.0 43.0 0.0 19.0 69.0 73.0 75.0 2.0 96.0 1.0 84.0 25.0 98.0 47.0 40.0 16.0 40.0 27.0 68.0 94.0 16.0 14.0 71.0 29.0 65.0 97.0 
43.0 14.0 26.0 87.0 89.0 1.0 81.0 63.0 39.0 39.0 54.0 24.0 66.0 77.0 96.0 14.0 35.0 41.0 54.0 27.0 82.0 86.0 98.0 28.0 52.0 13.0 19.0 0.0 78.0 96.0 81.0 35.0 65.0 13.0 27.0 23.0 12.0 16.0 47.0 58.0 4.0 85.0 55.0 8.0 48.0 50.0 46.0 2.0 42.0 69.0 
19.0 42.0 22.0 20.0 89.0 16.0 42.0 8.0 63.0 57.0 62.0 22.0 14.0 65.0 59.0 82.0 71.0 52.0 67.0 26.0 14.0 8.0 74.0 28.0 58.0 86.0 69.0 78.0 0.0 16.0 93.0 48.0 52.0 69.0 85.0 59.0 57.0 5.0 60.0 52.0 64.0 46.0 32.0 24.0 15.0 59.0 54.0 24.0 64.0 43.0 
16.0 29.0 1.0 24.0 75.0 79.0 63.0 40.0 40.0 23.0 48.0 15.0 64.0 62.0 67.0 59.0 93.0 39.0 71.0 93.0 88.0 29.0 32.0 28.0 18.0 11.0 73.0 96.0 16.0 0.0 34.0 42.0 73.0 91.0 41.0 8.0 51.0 41.0 16.0 19.0 26.0 29.0 16.0 42.0 59.0 42.0 15.0 26.0 48.0 71.0 
19.0 13.0 21.0 53.0 82.0 89.0 29.0 33.0 66.0 80.0 44.0 91.0 91.0 59.0 22.0 1.0 13.0 8.0 4.0 85.0 35.0 70.0 89.0 13.0 72.0 11.0 75.0 81.0 93.0 34.0 0.0 14.0 31.0 35.0 40.0 26.0 4.0 17.0 90.0 80.0 7.0 62.0 78.0 18.0 85.0 91.0 54.0 93.0 75.0 72.0 
26.0 53.0 29.0 85.0 42.0 9.0 38.0 51.0 40.0 65.0 82.0 2.0 47.0 94.0 67.0 51.0 49.0 1.0 49.0 84.0 54.0 7.0 70.0 55.0 65.0 86.0 2.0 35.0 48.0 42.0 14.0 0.0 54.0 49.0 95.0 15.0 66.0 68.0 5.0 88.0 66.0 48.0 62.0 84.0 1.0 100.0 57.0 9.0 21.0 64.0 
49.0 65.0 60.0 85.0 5.0 45.0 10.0 11.0 35.0 35.0 93.0 3.0 76.0 68.0 10.0 19.0 68.0 36.0 20.0 76.0 17.0 16.0 31.0 11.0 94.0 95.0 96.0 65.0 52.0 73.0 31.0 54.0 0.0 83.0 37.0 38.0 24.0 14.0 95.0 7.0 80.0 39.0 5.0 9.0 82.0 30.0 86.0 86.0 58.0 9.0 
29.0 2.0 99.0 53.0 39.0 89.0 100.0 57.0 89.0 38.0 58.0 75.0 10.0 80.0 25.0 67.0 44.0 36.0 31.0 87.0 89.0 27.0 83.0 62.0 63.0 98.0 1.0 13.0 69.0 91.0 35.0 49.0 83.0 0.0 9.0 6.0 8.0 51.0 5.0 65.0 48.0 55.0 97.0 11.0 82.0 26.0 99.0 58.0 69.0 65.0 
96.0 85.0 75.0 52.0 89.0 35.0 40.0 56.0 20.0 29.0 83.0 92.0 61.0 29.0 58.0 19.0 68.0 13.0 55.0 27.0 17.0 43.0 60.0 50.0 52.0 98.0 84.0 27.0 85.0 41.0 40.0 95.0 37.0 9.0 0.0 42.0 94.0 31.0 36.0 22.0 31.0 28.0 18.0 45.0 12.0 83.0 100.0 84.0 12.0 74.0 
75.0 58.0 32.0 93.0 64.0 10.0 65.0 98.0 85.0 34.0 22.0 67.0 41.0 63.0 54.0 33.0 39.0 80.0 89.0 95.0 86.0 94.0 71.0 57.0 90.0 52.0 25.0 23.0 59.0 8.0 26.0 15.0 38.0 6.0 42.0 0.0 1.0 46.0 20.0 49.0 21.0 91.0 34.0 12.0 19.0 15.0 17.0 40.0 84.0 22.0 
44.0 80.0 37.0 80.0 3.0 11.0 13.0 97.0 21.0 50.0 74.0 27.0 88.0 54.0 3.0 10.0 89.0 35.0 28.0 18.0 61.0 63.0 14.0 52.0 92.0 86.0 98.0 12.0 57.0 51.0 4.0 66.0 24.0 8.0 94.0 1.0 0.0 43.0 74.0 27.0 73.0 21.0 37.0 2.0 98.0 37.0 63.0 13.0 26.0 39.0 
16.0 1.0 45.0 18.0 64.0 76.0 40.0 59.0 60.0 21.0 45.0 86.0 60.0 71.0 89.0 50.0 55.0 45.0 65.0 68.0 95.0 33.0 30.0 79.0 88.0 76.0 47.0 16.0 5.0 41.0 17.0 68.0 14.0 51.0 31.0 46.0 43.0 0.0 7.0 96.0 87.0 31.0 23.0 49.0 73.0 86.0 89.0 18.0 1.0 20.0 
55.0 71.0 6.0 88.0 54.0 61.0 24.0 37.0 92.0 88.0 34.0 6.0 87.0 42.0 48.0 76.0 55.0 4.0 51.0 34.0 31.0 48.0 69.0 61.0 90.0 91.0 40.0 47.0 60.0 16.0 90.0 5.0 95.0 5.0 36.0 20.0 74.0 7.0 0.0 36.0 44.0 70.0 71.0 68.0 53.0 95.0 21.0 25.0 96.0 24.0 
39.0 72.0 8.0 99.0 54.0 95.0 68.0 26.0 3.0 59.0 87.0 39.0 37.0 98.0 55.0 57.0 99.0 91.0 17.0 54.0 37.0 3.0 94.0 52.0 81.0 100.0 16.0 58.0 52.0 19.0 80.0 88.0 7.0 65.0 22.0 49.0 27.0 96.0 36.0 0.0 48.0 16.0 73.0 54.0 73.0 57.0 71.0 42.0 51.0 55.0 
98.0 95.0 79.0 66.0 59.0 94.0 96.0 57.0 2.0 81.0 2.0 38.0 32.0 77.0 19.0 81.0 97.0 45.0 75.0 32.0 20.0 10.0 46.0 18.0 83.0 32.0 40.0 4.0 64.0 26.0 7.0 66.0 80.0 48.0 31.0 21.0 73.0 87.0 44.0 48.0 0.0 85.0 65.0 21.0 8.0 94.0 55.0 14.0 93.0 33.0 
42.0 7.0 95.0 55.0 73.0 39.0 28.0 73.0 16.0 5.0 92.0 29.0 59.0 89.0 2.0 49.0 69.0 46.0 56.0 62.0 30.0 75.0 41.0 1.0 33.0 72.0 27.0 85.0 46.0 29.0 62.0 48.0 39.0 55.0 28.0 91.0 21.0 31.0 70.0 16.0 85.0 0.0 47.0 30.0 76.0 89.0 88.0 70.0 49.0 38.0 
51.0 59.0 56.0 18.0 69.0 86.0 71.0 59.0 65.0 25.0 33.0 60.0 38.0 23.0 37.0 100.0 52.0 96.0 20.0 10.0 48.0 66.0 71.0 54.0 46.0 30.0 68.0 55.0 32.0 16.0 78.0 62.0 5.0 97.0 18.0 34.0 37.0 23.0 71.0 73.0 65.0 47.0 0.0 82.0 98.0 96.0 81.0 33.0 99.0 3.0 
77.0 21.0 39.0 42.0 32.0 18.0 5.0 2.0 82.0 66.0 51.0 83.0 45.0 88.0 5.0 84.0 39.0 24.0 55.0 87.0 14.0 86.0 39.0 75.0 25.0 15.0 94.0 8.0 24.0 42.0 18.0 84.0 9.0 11.0 45.0 12.0 2.0 49.0 68.0 54.0 21.0 30.0 82.0 0.0 100.0 54.0 34.0 28.0 51.0 42.0 
98.0 72.0 2.0 96.0 27.0 15.0 43.0 25.0 51.0 33.0 65.0 91.0 96.0 87.0 90.0 65.0 39.0 75.0 12.0 24.0 13.0 39.0 27.0 97.0 44.0 63.0 16.0 48.0 15.0 59.0 85.0 1.0 82.0 82.0 12.0 19.0 98.0 73.0 53.0 73.0 8.0 76.0 98.0 100.0 0.0 76.0 39.0 83.0 34.0 52.0 
62.0 3.0 54.0 97.0 54.0 6.0 4.0 78.0 22.0 69.0 82.0 63.0 60.0 1.0 70.0 79.0 45.0 7.0 42.0 67.0 59.0 14.0 24.0 37.0 56.0 83.0 14.0 50.0 59.0 42.0 91.0 100.0 30.0 26.0 83.0 15.0 37.0 86.0 95.0 57.0 94.0 89.0 96.0 54.0 76.0 0.0 55.0 56.0 93.0 19.0 
68.0 35.0 71.0 9.0 15.0 82.0 83.0 10.0 40.0 87.0 77.0 91.0 2.0 19.0 47.0 94.0 65.0 99.0 10.0 37.0 12.0 6.0 46.0 33.0 74.0 95.0 71.0 46.0 54.0 15.0 54.0 57.0 86.0 99.0 100.0 17.0 63.0 89.0 21.0 71.0 55.0 88.0 81.0 34.0 39.0 55.0 0.0 40.0 93.0 12.0 
12.0 48.0 85.0 48.0 54.0 73.0 96.0 44.0 54.0 18.0 26.0 23.0 53.0 78.0 78.0 56.0 15.0 34.0 86.0 76.0 42.0 28.0 36.0 49.0 51.0 97.0 29.0 2.0 24.0 26.0 93.0 9.0 86.0 58.0 84.0 40.0 13.0 18.0 25.0 42.0 14.0 70.0 33.0 28.0 83.0 56.0 40.0 0.0 41.0 87.0 
39.0 3.0 3.0 1.0 15.0 54.0 74.0 66.0 46.0 83.0 34.0 83.0 3.0 14.0 78.0 91.0 21.0 64.0 30.0 97.0 100.0 94.0 1.0 40.0 45.0 59.0 65.0 42.0 64.0 48.0 75.0 21.0 58.0 69.0 12.0 84.0 26.0 1.0 96.0 51.0 93.0 49.0 99.0 51.0 34.0 93.0 93.0 41.0 0.0 90.0 
8.0 34.0 37.0 26.0 30.0 41.0 89.0 28.0 64.0 91.0 58.0 40.0 32.0 28.0 67.0 73.0 37.0 92.0 89.0 76.0 40.0 79.0 68.0 57.0 22.0 60.0 97.0 69.0 43.0 71.0 72.0 64.0 9.0 65.0 74.0 22.0 39.0 20.0 24.0 55.0 33.0 38.0 3.0 42.0 52.0 19.0 12.0 87.0 90.0 0.0 
